-20 0.301 0.5
-19 0.289095238095238 0.488095238095238
-18 0.277190476190476 0.476190476190476
-17 0.265285714285714 0.464285714285714
-16 0.253380952380952 0.452380952380952
-15 0.24147619047619 0.440476190476191
-14 0.229571428571429 0.428571428571429
-13 0.217666666666667 0.416666666666667
-12 0.205761904761905 0.404761904761905
-11 0.193857142857143 0.392857142857143
-10 0.181952380952381 0.380952380952381
-9 0.170047619047619 0.369047619047619
-8 0.158142857142857 0.357142857142857
-7 0.146238095238095 0.345238095238095
-6 0.134333333333333 0.333333333333333
