-15 0.479142662886345 0.8
-14 0.463548257794035 0.8
-13 0.448795771192233 0.8
-12 0.434986801189672 0.8
-11 0.422228888688657 0.8
-10 0.410632366957386 0.8
-9 0.400305891522675 0.790121474610855
-8 0.391350816376305 0.748400543961737
-7 0.383854930149449 0.710847084372252
-6 0.37788640825373 0.678265278144728
-5 0.373489020133652 0.651468251380394
-4 0.37067951634339 0.631171081187197
-3 0.369447685469332 0.617868489351281
-2 0.369758957492317 0.611744956829616
-1 0.37155887987459 0.612660002177998
